59 158 133 134 635318657
7 239 157 227 3262811042
193 292 256 257 8657437697
118 316 266 268 10165098512
271 502 298 497 68899596497
14 478 314 454 52204976672
103 542 359 514 86409838577
177 474 399 402 51460811217
21 717 471 681 264287694402
222 631 503 558 160961094577
386 584 512 514 138519003152
236 632 532 536 162641576192
542 1004 596 994 1102393543952
28 956 628 908 835279626752
76 1203 653 1176 2094447251857
295 790 665 670 397074160625
206 1084 718 1028 1382557417232
579 876 768 771 701252453457
35 1195 785 1135 2039256901250
354 948 798 804 823372979472
813 1506 894 1491 5580867316257
413 1106 931 938 1525400095457
42 1434 942 1362 4228603110432
878 1381 997 1342 4231525221377
444 1262 1006 1116 2575377513232
772 1168 1024 1028 2216304050432
472 1264 1064 1072 2602265219072
309 1626 1077 1542 6999196924737
49 1673 1099 1589 7834009311842
1084 2008 1192 1988 17638296703232
531 1422 1197 1206 4168325708577
56 1912 1256 1816 13364474028032
965 1460 1280 1285 5410898560625
604 5053 1283 5048 652057426144337
152 2406 1306 2352 33511156029712
590 1580 1330 1340 6353186570000
63 2151 1413 2043 21407303246562
412 2168 1436 2056 22120918675712
649 1738 1463 1474 9301700457137
1355 2510 1490 2485 43062247810625
666 1893 1509 1674 13037848660737
1158 1752 1536 1542 11220039255312
70 2390 1570 2270 32628110420000
708 1896 1596 1608 13173967671552
77 2629 1727 2497 47770816465922
767 2054 1729 1742 18145336162577
1324 2189 1784 1997 26033514998417
1626 3012 1788 2982 89293877060112
1351 2044 1792 1799 20786507910497
515 2710 1795 2570 54006149110625
1034 2949 1797 2854 76773963505537
826 2212 1862 1876 24406401527312
84 2868 1884 2724 67657649766912
228 3609 1959 3528 169650227400417
1756 2762 1994 2684 67704403542032
885 2370 1995 2010 32163007010625
888 2524 2012 2232 41206040211712
1042 2461 2026 2141 37860330087137
91 3107 2041 2951 93189146170562
1544 2336 2048 2056 35460864806912
1897 3514 2086 3479 165427931189297
944 2528 2128 2144 41636243505152
248 2797 2131 2524 61206381799697
618 3252 2154 3084 111987150795792
98 3346 2198 3178 125344148989472
1003 2686 2261 2278 53062449551297
1737 2628 2304 2313 56801448730017
1623 3494 2338 3351 155974778565937
1577 3190 2345 2986 109737827061041
105 3585 2355 3405 165179809001250
2168 4016 2384 3976 282212747251712
1062 2844 2394 2412 66693211337232
112 3824 2512 3632 213831584448512
721 3794 2513 3598 207470022423377
1110 3155 2515 2790 100600684110625
1121 3002 2527 2546 82795362698897
1930 2920 2560 2570 86574376970000
304 4812 2612 4704 536178496475392
1180 3160 2660 2680 101650985120000
119 4063 2669 3859 272513241038882
2439 4518 2682 4473 452050252616817
661 3537 2767 3147 156700232476402
1239 3318 2793 2814 123557407732017
2123 3212 2816 2827 126753545321777
126 4302 2826 4086 342516851944992
824 4336 2872 4112 353934698811392
1298 3476 2926 2948 148827207314192
2710 5020 2980 4970 688995964970000
133 4541 2983 4313 425212797804482
2634 4143 2991 4026 342753542931537
1332 3786 3018 3348 208605578571792
1357 3634 3059 3082 177788208293537
2707 6730 3070 6701 2105144161376801
2316 3504 3072 3084 179520628084992
140 4780 3140 4540 522049766720000
1416 3792 3192 3216 210783482744832
927 4878 3231 4626 566934950903697
380 6015 3265 5880 1309029532410625
2981 5522 3278 5467 1008758992312577
147 5019 3297 4767 634554754259202
1475 3950 3325 3350 248171350390625
2509 3796 3328 3341 247265078064017
635 9109 3391 9065 6884827518602786
154 5258 3454 4994 764333063454752
1534 4108 3458 3484 290325378601232
1554 4417 3521 3906 386467588079377
2648 4378 3568 3994 416536239974672
3252 6024 3576 5964 1428702032961792
2702 4088 3584 3598 332584126567952
1030 5420 3590 5140 864098385770000
1593 4266 3591 3618 337634382394737
2068 5898 3594 5708 1228383416088592
161 5497 3611 5221 913068304804322
1652 4424 3724 3752 390502424436992
168 5736 3768 5448 1082522396270592
2895 4380 3840 3855 438282783410625
1711 4582 3857 3886 449348815041617
3523 6526 3874 6461 1967841375550817
456 7218 3918 7056 2714403638406672
175 5975 3925 5675 1274535563281250
1133 5962 3949 5654 1265126446605857
2694 4883 3966 4397 621194785437217
3512 5524 3988 5368 1083270456672512
1770 4740 3990 4020 514608112170000
1776 5048 4024 4464 659296643387392
2084 4922 4052 4282 605765281394192
182 6214 4082 5902 1491026338728992
3088 4672 4096 4112 567373836910592
1829 4898 4123 4154 586730121431297
3794 7028 4172 6958 2646846899028752
189 6453 4239 6129 1733991562971522
1888 5056 4256 4288 666179896082432
496 5594 4262 5048 979302108795152
3364 4849 4288 4303 680914892583617
1236 6504 4308 6168 1791794412732672
3281 4964 4352 4369 723077853891137
1947 5214 4389 4422 753437737028097
196 6692 4396 6356 2005506383831552
173 9316 4408 9197 7532132844821777
4065 7530 4470 7455 3488042072660625
2006 5372 4522 4556 848999192820752
1998 5679 4527 5022 1056065741519697
203 6931 4553 6583 2307724256596802
532 8421 4571 8232 5028767851708657
3474 5256 4608 4626 908823179680272
2065 5530 4655 4690 953375059660625
1259 7557 4661 7269 3263864585622562
1339 7046 4667 6682 2467951399597697
3246 6988 4676 6702 2495596457054992
3154 6380 4690 5972 1755805232976656
210 7170 4710 6810 2642876944020000
4336 8032 4768 7952 4515403956027392
2124 5688 4788 4824 1067091381395712
2027 6140 4840 5461 1438141494155441
3667 5548 4864 4883 1128245938110737
217 7409 4867 7037 3013274516318882
2183 5846 4921 4958 1190689449521777
1142 9289 4946 9097 7446891977980337
4390 6905 4985 6710 2644703263360625
224 7648 5024 7264 3421305351176192
1442 7588 5026 7196 3319520358774032
2220 6310 5030 5580 1609610945770000
2242 6004 5054 5092 1324725803182352
4607 8534 5066 8449 5754563199025937
274 6619 5093 5942 1919423464573697
3860 5840 5120 5140 1385190031520000
231 7887 5181 7491 3869436133739682
2301 6162 5187 5226 1469772229168737
498 6761 5222 6057 2089568089060657
608 9624 5224 9408 8578855943606272
2360 6320 5320 5360 1626415761920000
238 8126 5338 7718 4360211856622112
3972 6567 5352 5991 2108714714871777
4878 9036 5364 8946 7232804041869072
4053 6132 5376 5397 1683707140750257
1545 8130 5385 7710 4374498077960625
3102 8847 5391 8562 6218691043948497
1104 9253 5403 8972 7331928977565937
2419 6478 5453 5494 1795258683522977
245 8365 5495 7945 4896255819901250
2442 6941 5533 6138 2356631385701857
1322 7074 5534 6294 2507203719622432
2478 6636 5586 5628 1976918523712272
4246 6424 5632 5654 2028056725148432
252 8604 5652 8172 5480269631119872
5149 9538 5662 9443 8979064315085537
2537 6794 5719 5762 2172028059870257
1648 8672 5744 8224 5662955180982272
259 8843 5809 8399 6115033205285762
2596 6952 5852 5896 2381235317027072
4439 6716 5888 5911 2422706022566177
266 9082 5966 8626 6803404764871712
5268 8286 5982 8052 5484056686904592
2655 7110 5985 6030 2605203567860625
2664 7572 6036 6696 3337689257148672
3126 7383 6078 6423 3066686737058097
1751 9214 6103 8738 7217036127789617
2714 7268 6118 6164 2844611332696592
273 9321 6123 8853 7548320839815522
4632 7008 6144 6168 2872330049359872
2773 7426 6251 6298 3100152379508417
280 9560 6280 9080 8352796267520000
5181 7604 6336 7037 4063780581008977
2832 7584 6384 6432 3372535723917312
744 8391 6393 7572 4957716925775457
4825 7300 6400 6425 3381811600390625
287 9799 6437 9307 9219924192852962
1854 9756 6462 9252 9070959214459152
2891 7742 6517 6566 3662485629192257
2886 8203 6539 7254 4597209822213697
2950 7900 6650 6700 3970741606250000
5018 7592 6656 6682 3956241249024272
5098 9043 6742 8531 7362748995747617
3009 8058 6783 6834 4298058413655057
4903 9018 6842 8409 7191538859126257
5211 7884 6912 6939 4600917347131377
3068 8216 6916 6968 4645206057619712
6146 9667 6979 9394 10159892056526177
4731 9570 7035 8958 8888763991944321
3108 8834 7042 7812 6183481409270032
3127 8374 7049 7102 5012969792004017
5296 8756 7136 7988 6664579839594752
5404 8176 7168 7196 5321346025087232
3186 8532 7182 7236 5402150118315792
6262 8961 7234 8511 7985644522300177
3245 8690 7315 7370 5813562785710625
5597 8468 7424 7453 6123241191771857
1657 8912 7432 7559 6315669699408737
3304 8848 7448 7504 6248038790991872
5452 9733 7528 9029 9857551363885937
3330 9465 7545 8370 8148655412960625
3363 9006 7581 7638 6706424378610657
5790 8760 7680 7710 7012524534570000
3422 9164 7714 7772 7189581040665872
3481 9322 7847 7906 7698385516904177
5388 9766 7932 8794 9939116566995472
5983 9052 7936 7967 7995325519371137
3540 9480 7980 8040 8233729794720000
4168 9844 8104 8564 9692244502307072
3599 9638 8113 8174 8796521109155537
6176 9344 8192 8224 9077981390569472
3658 9796 8246 8308 9387681942900752
3717 9954 8379 8442 10008150026293377
6369 9636 8448 8481 10267037171063937
6728 9698 8576 8606 10894638281337872
6562 9928 8704 8738 11569245662258192
